"X"	"Y"	"Z"	"RotX"	"RotY"	"RotZ"	"stdDVARS"	"FramewiseDisplacement"
0	0	0	0	0	0	"n/a"	"n/a"
0.0270833	0.042948	0.0606392	-0.000808521	0.000823127	-1.05879e-22	"1.18848133"	"0.2122529"
0.0402484	0.0520396	0.0930915	-0.00177839	0.00100466	-0.000388373	"1.08256197"	"0.13169775"
0.0417902	0.0548467	0.121799	-0.0024718	0.00128383	-0.000628152	"1.10165775"	"0.09367435"
0.0368975	0.0638233	0.171802	-0.00347226	0.00111939	-0.000724749	"1.1021266"	"0.12694715"
0.0200879	0.0289377	0.149895	-0.00421188	0.00110901	-0.000758125	"1.15221488"	"0.11277100000000002"
0.0445565	0.0122293	0.223168	-0.00567243	0.00106186	-0.000887486	"1.1219207"	"0.19630304999999998"
0.0367808	0.0289244	0.208305	-0.00553901	0.00152395	-0.00105115	"1.17580473"	"0.07729250000000001"
0.0210537	0.0273856	0.192899	-0.00565384	0.00179267	-0.0013326	"1.16619551"	"0.06592190000000002"
0.0132246	0.0490904	0.203571	-0.00594084	0.00152395	-0.00133712	"1.16439033"	"0.06821790000000001"
0.0109339	0.0660025	0.247871	-0.00588226	0.00202883	-0.00155614	"1.19440854"	"0.1026268"
-0.00221459	0.0565323	0.240915	-0.0056086	0.00207543	-0.00144681	"1.14942777"	"0.05105419000000002"
0.00973957	0.0788381	0.267047	-0.00640799	0.00189295	-0.00125458	"1.170699"	"0.11909695999999997"
0.00333562	0.0883709	0.270152	-0.00679739	0.00222834	-0.00148789	"1.19196928"	"0.06694675000000008"
0.0076637	0.047622	0.272219	-0.00737488	0.00230238	-0.0015326	"1.14340854"	"0.08195597999999998"
0.00301049	0.0309105	0.234049	-0.00708265	0.00239063	-0.00137703	"1.10320973"	"0.08633720999999998"
0.0301994	0.0566436	0.242936	-0.00733462	0.00274979	-0.00128833	"1.17231882"	"0.09680050999999998"
0.0202139	0.0349586	0.234675	-0.00725333	0.0026454	-0.00132489	"1.15676308"	"0.05104350000000002"
0.0202519	0.0660306	0.269716	-0.00772791	0.00237414	-0.00145191	"1.16208327"	"0.10979400000000004"
0.025769	0.0256676	0.276631	-0.00881608	0.00288269	-0.00157355	"1.25192499"	"0.1387131"
0.0151667	0.0610789	0.256777	-0.00874749	0.00311861	-0.00149826	"1.14880419"	"0.08485760000000006"
0.0181522	0.0760089	0.274499	-0.00944569	0.00314026	-0.00159389	"1.13552165"	"0.0764115"
0.0232634	0.0926433	0.288591	-0.00967421	0.00325525	-0.0017057	"1.17882955"	"0.058603600000000027"
0.0193013	0.0808045	0.281653	-0.00941233	0.00309392	-0.00172488	"1.13507509"	"0.04485840000000003"
0.0204278	0.0969734	0.313217	-0.00967888	0.00335185	-0.00149116	"1.13187325"	"0.0867694000000001"
0.0194717	0.0905746	0.313679	-0.00953548	0.00367078	-0.00149709	"1.12002051"	"0.03122989999999995"
0.012533	0.0657832	0.306411	-0.00958152	0.00337748	-0.00145067	"1.18505633"	"0.05828609999999994"
0.00311943	0.0710389	0.31572	-0.00989302	0.00379483	-0.0014678	"1.16439223"	"0.061277270000000064"
0.0134857	0.0869237	0.353875	-0.0100305	0.00408812	-0.0014066	"1.10670853"	"0.08900456999999994"
0.00598436	0.0757515	0.33096	-0.010432	0.00372966	-0.00121906	"1.10654378"	"0.08896354000000005"
0.0217044	0.0596602	0.33796	-0.0108662	0.00416314	-0.00135289	"1.12591493"	"0.08888683999999998"
0.0326975	0.0478409	0.350774	-0.0109653	0.0042025	-0.00150837	"1.072487"	"0.05032340000000002"
0.0177667	0.0972534	0.340294	-0.0111487	0.00403124	-0.00137246	"1.1395762"	"0.09935179999999988"
0.0068996	0.0709139	0.272144	-0.0109855	0.00436971	-0.0014987	"1.16229534"	"0.1367520999999999"
0.00147838	0.112419	0.368423	-0.0114046	0.00456469	-0.0015093	"1.1531949"	"0.17443932000000004"
0.00317716	0.120989	0.368431	-0.0113945	0.00407759	-0.00101623	"1.14629602"	"0.059790280000000036"
0.00289921	0.1325	0.336983	-0.0117845	0.00431967	-0.000331335	"1.23245156"	"0.10908570000000004"
0.0238419	0.0853336	0.332947	-0.012815	0.00448491	-0.000503807	"1.15302455"	"0.14055569"
0.0268595	0.0806657	0.383313	-0.0129917	0.00423491	-0.000685707	"1.15661895"	"0.08848150000000002"
0.0266568	0.0892373	0.390668	-0.0133272	0.00474132	-0.000746968	"1.23065186"	"0.06128785000000006"
0.0305945	0.0811744	0.38832	-0.0139388	0.00518256	-0.00060262	"1.16453803"	"0.07420799999999995"
0.0355449	0.0844731	0.426196	-0.0142272	0.00528363	-0.00060262	"1.15749085"	"0.06559860000000009"
0.0341063	0.102646	0.44065	-0.014171	0.00576195	-0.00060262	"1.12339377"	"0.06079150000000001"
0.0378853	0.11775	0.468644	-0.0145504	0.00566097	-0.00060262	"1.05743003"	"0.070896"
0.0322289	0.107476	0.515468	-0.0151067	0.00591097	-0.000725973	"1.13604629"	"0.10923705000000004"
0.0461658	0.15309	0.568089	-0.0151067	0.00618476	-0.000877044	"1.16211057"	"0.13341494999999992"
0.0399046	0.121365	0.566559	-0.0152908	0.00678808	-0.000870107	"1.0862664"	"0.0792340499999999"
0.0345457	0.102846	0.577653	-0.0157937	0.00670225	-0.000950048	"1.09672046"	"0.06840544999999998"
0.0334879	0.0846985	0.577725	-0.0161308	0.00670224	-0.000895016	"1.21885037"	"0.038884400000000076"
0.0359372	0.1083	0.585712	-0.0161482	0.00670225	-0.000734378	"1.12234557"	"0.0429402"
0.0484045	0.101789	0.617362	-0.0161265	0.00678635	-0.000646562	"1.04785621"	"0.0603091000000001"
0.0482639	0.146101	0.616505	-0.0163078	0.00711729	-0.000646562	"1.0811727"	"0.07092160000000013"
0.0448505	0.153178	0.608354	-0.0164571	0.00738683	-0.000646562	"1.09522319"	"0.03958339999999989"
0.0483651	0.178033	0.610239	-0.0165989	0.0068895	-0.000646562	"1.078915"	"0.06221110000000005"
0.0653665	0.129479	0.600164	-0.0165577	0.00742416	-0.000899512	"1.09906852"	"0.11707089999999985"
0.0716512	0.155905	0.610115	-0.0165678	0.00742416	-0.000983307	"1.07729793"	"0.04735644999999987"
0.0648668	0.134452	0.618276	-0.0166519	0.00770048	-0.00136906	"1.14254332"	"0.0737070500000001"
0.0636205	0.146294	0.617074	-0.0166888	0.00787004	-0.00136906	"1.11185431"	"0.024613300000000032"
0.0497135	0.156376	0.629457	-0.0165474	0.00814	-0.00168463	"1.08129919"	"0.07271849999999998"
0.0598311	0.170953	0.629423	-0.0163078	0.00834122	-0.00184625	"1.10640514"	"0.05485060000000008"
0.049392	0.164988	0.605543	-0.0165526	0.0086982	-0.00216959	"1.05954182"	"0.08654009999999987"
0.0302408	0.204001	0.618558	-0.0165827	0.00894754	-0.0025262	"1.03218997"	"0.10298169999999994"
0.0291807	0.210687	0.614525	-0.0166788	0.00908328	-0.00207024	"1.09576106"	"0.046169100000000206"
0.0289643	0.240674	0.640253	-0.0165068	0.00937423	-0.00227747	"1.11232054"	"0.08944040000000006"
0.0142087	0.252767	0.656774	-0.0160857	0.00946503	-0.00234469	"1.14496768"	"0.07232559999999981"
0.00575301	0.240549	0.652488	-0.016198	0.00954693	-0.00254811	"1.13515079"	"0.044840690000000044"
0.00572706	0.242057	0.6363	-0.0162967	0.00963273	-0.00250179	"1.1457262"	"0.029262950000000006"
0.019425	0.232648	0.668882	-0.0164123	0.00955548	-0.00236532	"1.17587066"	"0.07215494000000006"
0.0320056	0.208941	0.669074	-0.0162482	0.00985961	-0.00242752	"1.12410665"	"0.06300109999999996"
0.0299922	0.229585	0.659687	-0.0163281	0.00990554	-0.00227323	"1.04979217"	"0.04605039999999994"
0.0371051	0.224116	0.639256	-0.0158962	0.00990191	-0.00267157	"1.04072773"	"0.07470640000000006"
0.0270796	0.250055	0.688605	-0.0158506	0.0101739	-0.00249766	"1.05642796"	"0.10988849999999996"
0.0268751	0.258409	0.680076	-0.0156603	0.0104283	-0.00267157	"1.19534934"	"0.04801800000000001"
0.0268751	0.292417	0.681421	-0.015341	0.0104283	-0.00267157	"1.10707426"	"0.05131799999999993"
0.0266366	0.302741	0.675865	-0.015134	0.0108878	-0.0027425	"1.02418196"	"0.05299000000000005"
0.0264418	0.299607	0.692278	-0.0155683	0.0113461	-0.00267157	"0.99469674"	"0.0679182999999999"
0.0264418	0.317196	0.686549	-0.0148516	0.0113461	-0.00267157	"1.00012934"	"0.05915299999999999"
0.0234867	0.333216	0.657916	-0.0149338	0.0113461	-0.00250504	"1.00617337"	"0.0600446000000001"
0.0424524	0.295121	0.640912	-0.0154475	0.0109462	-0.00295865	"1.04862392"	"0.14242519999999986"
0.0425665	0.31012	0.642103	-0.0149866	0.0113461	-0.00293678	"1.07471812"	"0.06043759999999994"
0.0505916	0.295287	0.632041	-0.015127	0.0113461	-0.00314944	"1.12129498"	"0.05057310000000003"
0.03364	0.314472	0.682087	-0.0147247	0.0119609	-0.00307857	"1.14362288"	"0.1405811"
0.01655	0.339293	0.79742	-0.0150718	0.0115707	-0.00278777	"1.13127029"	"0.208649"
0.016378	0.299824	0.777162	-0.014962	0.011779	-0.002964	"1.10431969"	"0.08461550000000001"
-0.00378343	0.322117	0.741973	-0.0152358	0.0116474	-0.00302036	"1.13105071"	"0.10073143000000004"
-0.00152156	0.304498	0.753952	-0.014974	0.0118662	-0.00304288	"1.18909609"	"0.05701587"
-0.00170424	0.336077	0.74532	-0.0150396	0.0122972	-0.00293158	"1.17649138"	"0.07078867999999999"
-0.00185938	0.329951	0.75405	-0.0151607	0.0124349	-0.0031479	"1.09612596"	"0.038767140000000026"
-0.00932534	0.339987	0.737831	-0.0153057	0.0124386	-0.0030542	"1.08550918"	"0.045840959999999965"
-0.00753727	0.337234	0.737866	-0.0153271	0.0121848	-0.00304686	"1.06969357"	"0.0187030699999999"
0.00976018	0.349344	0.771065	-0.0150135	0.0122972	-0.00311569	"1.05063725"	"0.08734794999999985"
0.00484291	0.36315	0.766992	-0.0150237	0.012498	-0.00296121	"1.04811347"	"0.04107026999999994"
0.00610269	0.375708	0.770958	-0.0147298	0.0124433	-0.00314456	"1.05437922"	"0.04438128000000007"
-0.00131101	0.344959	0.764213	-0.0147298	0.0120594	-0.00303862	"1.1220367"	"0.06939969999999994"
0.00822589	0.364849	0.770889	-0.0146062	0.0118798	-0.00303751	"1.09948695"	"0.05131839999999998"
0.0244126	0.34017	0.750637	-0.0143118	0.0118798	-0.00290326	"1.14577472"	"0.08255021000000007"
0.0645071	0.320068	0.750869	-0.012838	0.011342	-0.00178383	"1.4980911"	"0.21697999999999992"
0.101421	0.218248	0.697502	-0.0136159	0.0107863	-0.00103356	"1.48249972"	"0.2962944"
0.0799242	0.236063	0.749595	-0.014323	0.00988028	-0.00123224	"1.51442325"	"0.18199480000000007"
0.178886	0.193116	0.551356	-0.0112757	0.00963529	-0.000896299	"1.77526331"	"0.5215593500000001"
0.17354	0.120291	0.527813	-0.0135949	0.00951683	-0.00123224	"1.48022354"	"0.24039405"
0.167987	0.143321	0.743439	-0.015529	0.0101881	-0.00145843	"1.597296"	"0.385787"
0.167618	0.240642	0.813825	-0.0153745	0.0105464	-0.00171036	"1.20320523"	"0.2063125"
0.133944	0.228445	0.780931	-0.0140298	0.01075	-0.00199509	"1.16046059"	"0.17041649999999992"
0.0992872	0.283495	0.848731	-0.0149505	0.0113327	-0.00234004	"1.14341128"	"0.24992429999999996"
0.0913878	0.28353	0.878971	-0.0149222	0.0116565	-0.002538	"1.13559747"	"0.0656774"
0.081887	0.262684	0.877868	-0.0150136	0.0114509	-0.00242266	"1.19810998"	"0.0520668"
0.100473	0.267972	0.679273	-0.0132734	0.0113693	-0.00289218	"1.33109474"	"0.337035"
0.0830752	0.315258	0.86524	-0.0141304	0.0120698	-0.002825	"1.32097423"	"0.3318848"
0.0845525	0.315733	0.889145	-0.0142566	0.0121552	-0.00278727	"1.23625255"	"0.03832379999999991"
0.0789478	0.300363	0.803925	-0.0119442	0.0116227	-0.00228891	"1.37387788"	"0.2733576999999999"
0.108259	0.188055	0.518932	-0.0111451	0.00968567	-0.00182254	"1.46069491"	"0.5867372000000001"
0.0967998	0.316654	0.744513	-0.0120567	0.0111323	-0.001965	"1.40099549"	"0.4906736999999999"
0.111195	0.294373	0.775363	-0.0122575	0.0113147	-0.00170542	"1.0974946"	"0.09966520000000002"
0.0938911	0.289927	0.798597	-0.0126742	0.0113542	-0.00184008	"1.02663887"	"0.0745269"
0.114035	0.228801	0.675161	-0.0117716	0.0108234	-0.00153359	"1.17121375"	"0.2917004"
0.100748	0.282445	0.781289	-0.0127847	0.0122341	-0.0017242	"1.16990888"	"0.3037794999999999"
0.0958786	0.32167	0.856261	-0.0124585	0.0123873	-0.00165443	"1.17531359"	"0.14652490000000007"
0.112313	0.276742	0.80613	-0.0112883	0.0120797	-0.0012474	"1.12001729"	"0.20573490000000014"
0.112331	0.296818	0.779184	-0.01108	0.0119275	-0.00130583	"1.08313489"	"0.06798650000000005"
0.110109	0.288357	0.781732	-0.0109386	0.0120322	-0.00143711	"1.06301081"	"0.0321"
0.131062	0.237314	0.670029	-0.0106125	0.0117528	-0.00120429	"1.1813221"	"0.22561499999999984"
0.130455	0.284035	0.866715	-0.0116267	0.0129056	-0.00133317	"1.2161938"	"0.358808"
0.122166	0.309465	0.906602	-0.0115315	0.0128924	-0.0011142	"1.15766275"	"0.0899745"
0.114082	0.286416	0.899703	-0.0107553	0.0127214	-0.00118545	"1.17665625"	"0.08895449999999988"
0.0978971	0.572704	1.03237	-0.0109922	0.0127826	-0.00111346	"1.40652502"	"0.4536443999999999"
0.119724	0.285041	1.07677	-0.0103353	0.0131072	-0.0017242	"1.39116251"	"0.4335019"
0.243233	-0.10174	0.799801	-0.00943558	0.012104	-0.00118207	"1.5831877"	"0.9095115"
0.270148	0.0181688	0.867657	-0.00878426	0.0129736	-0.00108664	"1.23270643"	"0.2954973"
0.256475	0.177304	0.941413	-0.00906719	0.0134429	-0.000948741	"1.26545608"	"0.29107065"
0.251525	0.27715	1.01083	-0.0090785	0.0142442	-0.000959711	"1.16376054"	"0.21539199999999986"
0.247592	0.289072	1.02809	-0.00908429	0.0145044	-0.000998762	"1.08176494"	"0.048367050000000064"
0.248169	0.293703	1.05247	-0.00902595	0.0147614	-0.000737672	"1.03471851"	"0.05840950000000001"
0.263621	0.273047	1.03973	-0.00811253	0.0141448	-0.000584522	"1.05377352"	"0.1330064999999999"
0.303768	0.178894	0.753501	-0.0065584	0.0134236	-0.000886935	"1.34214413"	"0.54941615"
0.267712	0.173577	0.962561	-0.00770369	0.0140328	-0.000584522	"1.24204481"	"0.35327814999999996"
0.270746	0.104154	0.976882	-0.00754218	0.0142564	-0.000490251	"1.07694626"	"0.11074705000000007"
0.284334	0.0685745	0.987278	-0.00791445	0.0138307	-0.000497679	"1.02153432"	"0.0998334"
0.284521	0.0682008	1.00017	-0.00786205	0.0136468	-0.000266956	"0.99877429"	"0.03680384999999997"
0.284402	0.101188	1.00025	-0.00793811	0.0137571	-0.000472495	"0.99577165"	"0.05278115000000001"
0.284328	0.151855	1.03289	-0.00831314	0.0138678	-0.000394314	"1.001791"	"0.11157654999999997"
0.28424	0.156907	1.01572	-0.00836681	0.013947	-0.000584522	"1.00745511"	"0.03846390000000018"
0.2841	0.244575	1.02609	-0.00835667	0.0142118	-0.000369067	"1.05523884"	"0.12269775000000002"
0.266081	0.26296	1.09982	-0.00931063	0.0140022	-0.000211798	"1.18164015"	"0.17617545000000015"
0.294538	0.22085	0.847712	-0.00743493	0.0136469	-0.000584522	"1.46533287"	"0.4528612"
0.293039	0.18789	0.835308	-0.00765941	0.0146503	-0.000584522	"1.38444626"	"0.10825699999999996"
0.303388	0.207448	0.932336	-0.00811997	0.014501	-0.000584522	"1.37307715"	"0.157428"
0.310159	0.190499	0.9834	-0.00833304	0.0143696	-0.000513191	"1.26493621"	"0.09557405"
0.310264	0.152835	0.987958	-0.00810421	0.0142273	-0.000500498	"1.1508615"	"0.06151814999999986"
0.314361	0.140577	0.991592	-0.00799366	0.014178	-0.000584522	"1.07187617"	"0.0321827000000001"
0.331044	0.152048	0.931431	-0.00658473	0.0139721	-0.000119972	"1.11299813"	"0.192284"
0.342125	0.15823	0.734577	-0.00631865	0.0133837	-0.000697477	"1.2238946"	"0.28571624999999995"
0.325918	0.210535	0.918451	-0.00775646	0.0140712	-0.000666497	"1.22351122"	"0.36020050000000003"
0.31621	0.236049	0.967729	-0.00794794	0.0138917	-0.000160634	"1.14966321"	"0.12834215"
0.326357	0.207247	0.942545	-0.00785323	0.0136546	2.68634e-06	"1.25555992"	"0.08888951700000011"
0.326312	0.217595	0.975426	-0.00798639	0.0137296	4.60076e-05	"1.31520152"	"0.05584806300000013"
0.326341	0.194445	0.984064	-0.00755599	0.0137219	0.000282029	"1.17074847"	"0.06552306999999996"
0.326473	0.196834	0.996196	-0.00789969	0.0135427	0.000282029	"1.12126672"	"0.04079799999999993"
0.309973	0.18419	0.983963	-0.00769609	0.0133199	0.000282029	"1.05956042"	"0.06269699999999986"
0.309346	0.190648	1.02114	-0.00786541	0.0141716	0.000182775	"1.03464031"	"0.10027569999999984"
0.314925	0.190344	1.02347	-0.00829299	0.013745	0.000173065	"0.99578488"	"0.05140750000000014"
0.328083	0.183497	1.01336	-0.00755448	0.0139655	0.000282029	"0.99335212"	"0.08351370000000012"
0.344532	0.208541	0.934217	-0.00651142	0.013347	0.00028203	"1.16903579"	"0.20371405000000006"
0.384016	0.109742	0.613897	-0.00478355	0.0121588	-9.33272e-05	"1.46088183"	"0.6231743599999999"
0.3601	0.119575	0.669423	-0.00494886	0.0124729	-0.00057527	"1.31829977"	"0.13734264"
0.329707	0.201219	0.853308	-0.00556715	0.0133241	-0.000363034	"1.26821065"	"0.3800083"
0.324482	0.229127	0.91506	-0.00595845	0.0140236	-0.000272344	"1.10473657"	"0.15395950000000003"
0.304413	0.196359	0.948401	-0.00619223	0.0136212	-0.000113544	"1.14580262"	"0.12592700000000012"
0.308571	0.171238	0.973995	-0.00636195	0.0137314	0.000131719	"1.15926921"	"0.08113214999999997"
0.320125	0.184447	0.977394	-0.00617171	0.0139092	0.000254004	"1.12570333"	"0.05267824999999994"
0.323674	0.166071	1.00264	-0.00631957	0.0138483	0.000299044	"1.16108167"	"0.05986100000000005"
0.336895	0.156977	1.02408	-0.00595261	0.0140832	0.000131719	"1.10611928"	"0.08221425000000018"
0.319895	0.158416	1.00441	-0.00575038	0.0141915	0.000131719	"1.06426728"	"0.05363549999999999"
0.31546	0.175534	1.00476	-0.00602254	0.0141121	0.000131719	"1.03915715"	"0.03948099999999995"
0.295906	0.195718	1.00777	-0.00618963	0.0141879	-8.48482e-05	"1.03093135"	"0.06572085999999994"
0.29602	0.205011	0.988926	-0.00621361	0.0140981	0.000131719	"0.99503171"	"0.04476836000000003"
0.296006	0.210563	1.04108	-0.00638943	0.0141202	0.000131719	"0.99426138"	"0.067616"
0.288042	0.206189	1.04834	-0.00693303	0.0143759	0.000131719	"0.99378288"	"0.05956300000000005"
0.288809	0.175757	1.0303	-0.00686706	0.0143666	0.000131719	"0.98671287"	"0.053002500000000015"
0.302027	0.200077	1.04841	-0.0071929	0.0143029	0.000201523	"0.95603633"	"0.0786152000000001"
0.298514	0.17565	1.04331	-0.00697148	0.0143096	0.000243742	"0.94539696"	"0.0465569500000001"
0.2904	0.225265	1.06869	-0.00741737	0.0146318	0.000203131	"0.9751398"	"0.12354404999999997"
0.301047	0.215314	1.07841	-0.00747332	0.014836	0.000218518	"1.00769997"	"0.044094850000000164"
0.295355	0.214697	1.07233	-0.00779296	0.014816	0.00024486	"1.0284189"	"0.030688100000000145"
0.305255	0.198602	1.07801	-0.00757691	0.0147449	0.000219028	"1.00628126"	"0.047324099999999876"
0.294382	0.227758	1.08539	-0.00776153	0.0145475	0.000321172	"1.0490607"	"0.07161720000000019"
0.303895	0.221401	1.0671	-0.00787657	0.0142654	0.000131719	"1.03672421"	"0.06348965000000019"
0.302703	0.226206	1.09818	-0.00796066	0.0143226	0.000408527	"1.07164288"	"0.05798190000000005"
0.302481	0.203811	1.12196	-0.00808613	0.0140318	0.000300143	"1.13771057"	"0.07262970000000013"
0.345764	0.227912	1.26369	-0.00767182	0.0140784	0.000463877	"1.23320544"	"0.2403461999999999"
0.354499	0.130312	1.18844	-0.00830731	0.0134932	0.000131719	"1.24614513"	"0.25922739999999994"
0.347173	0.149402	1.239	-0.00857398	0.0136026	0.000382715	"1.12263703"	"0.1083293000000001"
0.342122	0.170178	1.23289	-0.00857297	0.0130984	0.000403835	"1.05055487"	"0.05825350000000011"
0.335462	0.184811	1.27071	-0.00877201	0.0131405	0.000422612	"1.12969041"	"0.07210885000000002"
0.344391	0.169398	1.24935	-0.00857579	0.0132472	0.000473897	"1.13000679"	"0.06341225000000016"
0.324675	0.214673	1.259	-0.00833955	0.0130607	0.000589672	"1.17581451"	"0.10156675"
0.323002	0.214662	1.22922	-0.0084513	0.0131685	0.000436738	"1.12666357"	"0.05008819999999994"
0.326794	0.214857	1.1966	-0.00818531	0.0132283	0.000581075	"1.08675671"	"0.060113349999999885"
0.326618	0.243106	1.21941	-0.00865083	0.0134143	0.000565986	"1.05008149"	"0.08456544999999999"
0.326741	0.20378	1.26115	-0.00834457	0.0133072	0.000672331	"1.04262698"	"0.10717424999999985"
0.326896	0.151715	1.27512	-0.00827933	0.0131202	0.000650051	"1.02504349"	"0.0799160000000001"
0.320877	0.161685	1.28296	-0.00793703	0.0129167	0.000651791	"1.0683881"	"0.0512060000000001"
0.319478	0.148417	1.26645	-0.0081529	0.0127603	0.000635872	"1.08790398"	"0.05058645000000002"
0.321312	0.148455	1.25835	-0.00808701	0.0125359	0.00061356	"1.0609535"	"0.025602099999999937"
0.316713	0.166366	1.26321	-0.0080507	0.0126877	0.000639934	"0.99685204"	"0.03809419999999984"
0.322127	0.219615	1.30988	-0.0081647	0.0127319	0.000726042	"0.98881716"	"0.11754840000000008"
0.318912	0.216705	1.28633	-0.00806635	0.01282	0.000838395	"1.00856626"	"0.04461514999999995"
0.328601	0.23558	1.30062	-0.00780489	0.0126531	0.000864436	"0.98861194"	"0.06557405000000009"
0.326074	0.225913	1.29335	-0.00785258	0.0125776	0.00104043	"1.08739746"	"0.03442320000000013"
0.332415	0.245096	1.24775	-0.00803978	0.0125143	0.00104949	"1.13655913"	"0.0841020000000001"
0.341577	0.207114	1.28704	-0.00837003	0.0125896	0.00112672	"1.04694259"	"0.11057300000000003"
0.34051	0.183328	1.23889	-0.00847283	0.012701	0.00104037	"1.03726161"	"0.08803049999999998"
0.328768	0.1808	1.25401	-0.0079748	0.0124333	0.000849271	"1.08360088"	"0.07723145000000002"
0.312675	0.433886	1.21144	-0.00953055	0.0110972	0.00111264	"1.37185597"	"0.4695099500000001"
