20.865
-56.99
-82.185
103.075
-33.435
23.68
-145.555
252.8
-46.07
-162.405
142.545
-44.775
-143.58
-10.1
-46.25
-37.725
-16.26
-234.935
-56.19
-67.59
-82.86
-29.135
11.78
-64.985
-121.985
-41.83
133.88
-32.11
-65.14
34.04
57.26
-44.375
79.39
-59.48
60.29
-55.085
-69.485
23.27
-50.865
-13.225
187.035
133.945
-107.1
-80.675
-122.05
116.605
-49.33
89.35
-31.51
-68.745
-1.61000000000001
-134.67
-170.775
20.13
-141.235
-40.145
-119.025
-46.975
8.90499999999997
-22.265
92.04
-67.575
17.555
11.16
-31.795
-85.7550000000001
-39.125
-76.74
-11.66
-42.4999999999999
30.335
-8.94
-164.94
71.465
4.07999999999998
